        1.32E+02	1.25E+06	9.75E+05	4.08E+06	7.84E+06
	1.98E+02	1.91E+06	9.40E+05	9.03E+06	8.27E+06
	2.65E+02	2.44E+06	8.25E+05	1.17E+07	9.34E+06
	3.31E+02	3.26E+06	7.46E+05	7.31E+06	8.54E+06
	3.97E+02	3.70E+06	7.03E+05	6.64E+06	6.69E+06
	4.63E+02	4.40E+06	6.36E+05	6.12E+06	5.40E+06
	5.29E+02	5.06E+06	6.01E+05	3.45E+06	4.77E+06
	5.95E+02	5.59E+06	5.78E+05	4.73E+06	4.79E+06
	6.61E+02	6.41E+06	5.23E+05	6.18E+06	5.67E+06
	7.28E+02	6.77E+06	4.75E+05	6.10E+06	5.67E+06
	7.94E+02	7.58E+06	4.21E+05	4.74E+06	4.60E+06
	8.60E+02	8.23E+06	3.97E+05	2.97E+06	3.32E+06
	9.26E+02	8.71E+06	3.72E+05	2.24E+06	2.03E+06
	9.92E+02	9.54E+06	3.59E+05	8.75E+05	1.60E+06
	1.06E+03	9.86E+06	3.57E+05	1.67E+06	1.71E+06
	1.12E+03	1.09E+07	3.32E+05	2.57E+06	1.94E+06
	1.19E+03	1.13E+07	3.15E+05	1.59E+06	2.02E+06
	1.26E+03	1.19E+07	3.05E+05	1.90E+06	1.96E+06
	1.32E+03	1.26E+07	2.83E+05	2.39E+06	1.91E+06
	1.39E+03	1.31E+07	2.66E+05	1.45E+06	2.14E+06
	1.46E+03	1.40E+07	2.59E+05	2.57E+06	2.16E+06
	1.52E+03	1.43E+07	2.23E+05	2.45E+06	2.28E+06
	1.59E+03	1.51E+07	2.18E+05	1.83E+06	1.89E+06
	1.65E+03	1.58E+07	1.92E+05	1.38E+06	1.17E+06
	1.72E+03	1.63E+07	1.95E+05	2.99E+05	1.37E+06
	1.79E+03	1.71E+07	1.87E+05	2.43E+06	1.72E+06
	1.85E+03	1.74E+07	1.55E+05	2.42E+06	1.72E+06
	1.92E+03	1.83E+07	1.47E+05	3.13E+05	1.06E+06
	1.98E+03	1.89E+07	1.50E+05	4.50E+05	7.36E+05
	2.05E+03	1.94E+07	1.40E+05	1.45E+06	1.17E+06
	2.12E+03	2.02E+07	1.26E+05	1.61E+06	1.45E+06
	2.18E+03	2.05E+07	1.13E+05	1.29E+06	1.60E+06
	2.25E+03	2.16E+07	1.04E+05	1.90E+06	1.96E+06
	2.31E+03	2.19E+07	8.12E+04	2.70E+06	2.36E+06
	2.38E+03	2.26E+07	5.96E+04	2.47E+06	2.29E+06
	2.45E+03	2.33E+07	4.01E+04	1.71E+06	2.08E+06
	2.51E+03	2.38E+07	3.11E+04	2.06E+06	2.00E+06
	2.58E+03	2.47E+07	5.87E+03	2.23E+06	1.64E+06
	2.65E+03	2.50E+07	-6.01E+03	6.39E+05	1.02E+06
	2.71E+03	2.58E+07	-4.75E+03	1.92E+05	4.61E+05
	2.78E+03	2.64E+07	-9.20E+03	5.52E+05	4.62E+05
	2.84E+03	2.70E+07	-1.39E+04	6.42E+05	8.96E+05
	2.91E+03	2.78E+07	-1.99E+04	1.49E+06	1.54E+06
	2.98E+03	2.81E+07	-3.88E+04	2.49E+06	2.00E+06
	3.04E+03	2.90E+07	-6.12E+04	2.01E+06	1.73E+06
	3.11E+03	2.95E+07	-7.21E+04	6.95E+05	9.44E+05
	3.17E+03	3.02E+07	-7.28E+04	1.30E+05	6.75E+05
	3.24E+03	3.08E+07	-7.43E+04	1.20E+06	1.20E+06
	3.31E+03	3.13E+07	-9.27E+04	2.27E+06	1.54E+06
	3.37E+03	3.23E+07	-1.12E+05	1.14E+06	1.55E+06
	3.44E+03	3.25E+07	-1.12E+05	1.25E+06	1.31E+06
	3.51E+03	3.34E+07	-1.33E+05	1.53E+06	9.61E+05
	3.57E+03	3.38E+07	-1.37E+05	9.78E+04	5.95E+05
	3.64E+03	3.45E+07	-1.34E+05	1.52E+05	4.51E+05
	3.70E+03	3.54E+07	-1.40E+05	1.10E+06	9.12E+05
	3.77E+03	3.56E+07	-1.53E+05	1.48E+06	1.49E+06
	3.84E+03	3.67E+07	-1.64E+05	1.90E+06	1.78E+06
	3.90E+03	3.69E+07	-1.84E+05	1.97E+06	1.56E+06
	3.97E+03	3.78E+07	-1.97E+05	8.22E+05	8.64E+05
	4.03E+03	3.84E+07	-1.98E+05	0.00E+00	2.56E+05
	4.10E+03	3.87E+07	-1.94E+05	1.51E+05	5.04E+05
	4.17E+03	3.99E+07	-2.00E+05	1.57E+06	1.07E+06
	4.23E+03	4.01E+07	-2.20E+05	1.50E+06	1.07E+06
	4.30E+03	4.10E+07	-2.25E+05	1.42E+05	8.24E+05
	4.37E+03	4.14E+07	-2.22E+05	8.29E+05	1.03E+06
	4.43E+03	4.18E+07	-2.39E+05	2.12E+06	1.45E+06
	4.50E+03	4.32E+07	-2.57E+05	1.41E+06	1.58E+06
	4.56E+03	4.30E+07	-2.63E+05	1.20E+06	8.50E+05
	4.63E+03	4.42E+07	-2.77E+05	0.00E+00	3.02E+05
	4.70E+03	4.45E+07	-2.62E+05	0.00E+00	2.02E+05
	4.76E+03	4.52E+07	-2.74E+05	8.99E+05	4.52E+05
	4.83E+03	4.62E+07	-2.77E+05	6.88E+05	8.40E+05
	4.89E+03	4.62E+07	-2.85E+05	9.32E+05	7.01E+05
	4.96E+03	4.74E+07	-2.92E+05	4.84E+05	7.77E+05
	5.03E+03	4.76E+07	-2.93E+05	9.15E+05	8.02E+05
	5.09E+03	4.84E+07	-3.07E+05	1.01E+06	6.91E+05
	5.16E+03	4.91E+07	-3.10E+05	1.50E+05	4.83E+05
	5.22E+03	4.93E+07	-3.10E+05	2.93E+05	2.61E+05
	5.29E+03	5.05E+07	-3.15E+05	3.40E+05	6.71E+05
	5.36E+03	5.08E+07	-3.15E+05	1.38E+06	1.01E+06
	5.42E+03	5.16E+07	-3.37E+05	1.32E+06	7.62E+05
	5.49E+03	5.21E+07	-3.37E+05	0.00E+00	2.71E+05
	5.56E+03	5.25E+07	-3.31E+05	0.00E+00	2.30E+05
	5.62E+03	5.38E+07	-3.36E+05	1.20E+06	7.00E+05
	5.69E+03	5.38E+07	-3.51E+05	9.95E+05	8.79E+05
	5.75E+03	5.49E+07	-3.52E+05	4.43E+05	8.04E+05
	5.82E+03	5.51E+07	-3.58E+05	9.75E+05	9.03E+05
	5.89E+03	5.60E+07	-3.69E+05	1.29E+06	1.03E+06
	5.95E+03	5.67E+07	-3.79E+05	8.20E+05	7.25E+05
	6.02E+03	5.69E+07	-3.82E+05	6.66E+04	3.47E+05
	6.08E+03	5.80E+07	-3.80E+05	1.53E+05	1.21E+05
	6.15E+03	5.83E+07	-3.85E+05	1.42E+05	1.51E+05
	6.22E+03	5.93E+07	-3.83E+05	1.58E+05	2.08E+05
	6.28E+03	5.96E+07	-3.87E+05	3.23E+05	8.82E+04
	6.35E+03	6.01E+07	-3.88E+05	0.00E+00	6.48E+04
	6.42E+03	6.12E+07	-3.84E+05	8.76E+04	2.91E+05
	6.48E+03	6.14E+07	-3.90E+05	1.00E+06	6.94E+05
	6.55E+03	6.25E+07	-4.00E+05	9.91E+05	9.53E+05
	6.61E+03	6.27E+07	-4.06E+05	8.64E+05	8.18E+05
	6.68E+03	6.33E+07	-4.15E+05	6.00E+05	6.58E+05
	6.75E+03	6.44E+07	-4.16E+05	5.11E+05	5.35E+05
	6.81E+03	6.43E+07	-4.23E+05	4.93E+05	3.12E+05
	6.88E+03	6.57E+07	-4.24E+05	0.00E+00	9.85E+04
	6.94E+03	6.57E+07	-4.22E+05	0.00E+00	1.15E+05
	7.01E+03	6.68E+07	-4.22E+05	5.43E+05	3.25E+05
	7.08E+03	6.74E+07	-4.31E+05	5.62E+05	4.00E+05
	7.14E+03	6.75E+07	-4.31E+05	9.61E+04	2.90E+05
	7.21E+03	6.88E+07	-4.33E+05	2.11E+05	3.73E+05
	7.28E+03	6.88E+07	-4.35E+05	8.11E+05	5.57E+05
	7.34E+03	7.01E+07	-4.46E+05	6.50E+05	3.85E+05
	7.41E+03	7.03E+07	-4.46E+05	0.00E+00	4.33E+03
	7.47E+03	7.07E+07	-4.41E+05	0.00E+00	0.00E+00
	7.54E+03	7.20E+07	-4.40E+05	5.22E+05	3.88E+05
	7.61E+03	7.20E+07	-4.50E+05	9.75E+05	6.07E+05
	7.67E+03	7.32E+07	-4.56E+05	3.25E+05	3.59E+05
	7.74E+03	7.33E+07	-4.55E+05	0.00E+00	4.74E+04
	7.80E+03	7.41E+07	-4.53E+05	3.87E+04	1.91E+05
	7.87E+03	7.51E+07	-4.56E+05	7.55E+05	5.47E+05
	7.94E+03	7.50E+07	-4.65E+05	8.48E+05	4.91E+05
	8.00E+03	7.63E+07	-4.70E+05	0.00E+00	6.69E+04
	8.07E+03	7.63E+07	-4.63E+05	0.00E+00	0.00E+00
	8.13E+03	7.76E+07	-4.61E+05	3.41E+05	2.53E+04
	8.20E+03	7.80E+07	-4.69E+05	2.53E+05	1.82E+05
	8.27E+03	7.83E+07	-4.66E+05	0.00E+00	2.27E+05
	8.33E+03	7.93E+07	-4.68E+05	4.76E+05	3.99E+05
	8.40E+03	7.96E+07	-4.74E+05	7.69E+05	6.24E+05
	8.47E+03	8.07E+07	-4.81E+05	6.26E+05	3.96E+05
	8.53E+03	8.09E+07	-4.84E+05	0.00E+00	2.75E+05
	8.60E+03	8.16E+07	-4.77E+05	4.08E+05	2.37E+05
	8.66E+03	8.25E+07	-4.91E+05	5.12E+05	2.01E+05
	8.73E+03	8.28E+07	-4.86E+05	0.00E+00	1.53E+05
	8.80E+03	8.39E+07	-4.85E+05	2.63E+05	2.95E+05
	8.86E+03	8.39E+07	-4.90E+05	9.38E+05	6.49E+05
	8.93E+03	8.48E+07	-5.01E+05	7.47E+05	5.64E+05
	8.99E+03	8.57E+07	-5.03E+05	5.65E+03	1.52E+05
	9.06E+03	8.58E+07	-5.01E+05	0.00E+00	0.00E+00
	9.13E+03	8.70E+07	-4.98E+05	1.57E+05	2.67E+05
	9.19E+03	8.69E+07	-5.04E+05	9.43E+05	5.50E+05
	9.26E+03	8.84E+07	-5.13E+05	5.51E+05	5.49E+05
	9.33E+03	8.85E+07	-5.13E+05	1.53E+05	1.67E+05
	9.39E+03	8.91E+07	-5.16E+05	0.00E+00	0.00E+00
	9.46E+03	9.00E+07	-5.10E+05	0.00E+00	0.00E+00
	9.52E+03	9.02E+07	-5.11E+05	3.34E+05	2.52E+05
	9.59E+03	9.15E+07	-5.15E+05	7.35E+05	4.88E+05
	9.66E+03	9.14E+07	-5.23E+05	3.95E+05	3.49E+05
	9.72E+03	9.23E+07	-5.22E+05	0.00E+00	2.45E+05
	9.79E+03	9.32E+07	-5.21E+05	4.24E+05	2.58E+05
	9.85E+03	9.35E+07	-5.29E+05	4.33E+05	2.07E+05
	9.92E+03	9.46E+07	-5.29E+05	0.00E+00	0.00E+00
	9.99E+03	9.44E+07	-5.25E+05	0.00E+00	3.83E+04
	1.01E+04	9.57E+07	-5.22E+05	7.25E+05	5.10E+05
	1.01E+04	9.62E+07	-5.37E+05	1.18E+06	6.96E+05
	1.02E+04	9.66E+07	-5.42E+05	1.83E+05	4.39E+05
	1.03E+04	9.76E+07	-5.40E+05	0.00E+00	2.26E+05
	1.03E+04	9.75E+07	-5.41E+05	5.37E+05	1.19E+05
	1.04E+04	9.93E+07	-5.49E+05	0.00E+00	3.75E+04
	1.04E+04	9.90E+07	-5.39E+05	0.00E+00	2.95E+05
	1.05E+04	9.98E+07	-5.44E+05	1.31E+06	7.23E+05
	1.06E+04	1.01E+08	-5.61E+05	1.15E+06	7.74E+05
	1.06E+04	1.01E+08	-5.63E+05	0.00E+00	2.45E+05
	1.07E+04	1.02E+08	-5.59E+05	0.00E+00	0.00E+00
	1.08E+04	1.02E+08	-5.59E+05	1.75E+05	2.10E+05
	1.08E+04	1.03E+08	-5.61E+05	7.30E+05	4.76E+05
	1.09E+04	1.04E+08	-5.71E+05	5.22E+05	6.04E+05
	1.10E+04	1.04E+08	-5.70E+05	5.58E+05	4.56E+05
	1.10E+04	1.05E+08	-5.80E+05	2.86E+05	4.09E+05
	1.11E+04	1.05E+08	-5.75E+05	3.83E+05	5.03E+05
	1.12E+04	1.07E+08	-5.86E+05	8.39E+05	5.55E+05
	1.12E+04	1.07E+08	-5.89E+05	4.44E+05	6.62E+05
	1.13E+04	1.07E+08	-5.94E+05	7.03E+05	4.09E+05
	1.14E+04	1.08E+08	-6.01E+05	7.92E+04	1.14E+05
	1.14E+04	1.08E+08	-5.95E+05	0.00E+00	0.00E+00
	1.15E+04	1.10E+08	-5.93E+05	2.70E+05	1.27E+05
	1.16E+04	1.10E+08	-5.99E+05	5.51E+05	4.05E+05
	1.16E+04	1.10E+08	-6.02E+05	3.94E+05	4.37E+05
	1.17E+04	1.11E+08	-6.06E+05	3.65E+05	2.06E+05
	1.18E+04	1.12E+08	-6.08E+05	0.00E+00	1.62E+05
	1.18E+04	1.13E+08	-6.04E+05	2.64E+05	3.77E+05
	1.19E+04	1.13E+08	-6.13E+05	1.01E+06	5.38E+05
	1.20E+04	1.14E+08	-6.20E+05	3.40E+05	4.49E+05
	1.20E+04	1.15E+08	-6.19E+05	0.00E+00	1.23E+05
	1.21E+04	1.15E+08	-6.20E+05	3.28E+04	1.27E+05
	1.22E+04	1.16E+08	-6.19E+05	3.52E+05	2.66E+05
	1.22E+04	1.16E+08	-6.26E+05	4.13E+05	1.92E+05
	1.23E+04	1.17E+08	-6.26E+05	0.00E+00	9.57E+04
	1.24E+04	1.18E+08	-6.23E+05	6.45E+04	2.44E+05
	1.24E+04	1.18E+08	-6.27E+05	8.57E+05	6.82E+05
	1.25E+04	1.19E+08	-6.37E+05	1.12E+06	8.72E+05
	1.26E+04	1.19E+08	-6.46E+05	6.35E+05	7.15E+05
	1.26E+04	1.21E+08	-6.48E+05	3.88E+05	3.69E+05
	1.27E+04	1.20E+08	-6.52E+05	8.30E+04	1.59E+05
	1.28E+04	1.21E+08	-6.49E+05	6.27E+03	1.96E+05
	1.28E+04	1.22E+08	-6.52E+05	4.99E+05	3.77E+05
	1.29E+04	1.23E+08	-6.58E+05	6.27E+05	4.14E+05
	1.30E+04	1.23E+08	-6.63E+05	1.16E+05	2.69E+05
	1.30E+04	1.23E+08	-6.59E+05	6.52E+04	3.06E+05
	1.31E+04	1.25E+08	-6.64E+05	7.38E+05	4.15E+05
	1.32E+04	1.25E+08	-6.72E+05	4.41E+05	1.89E+05
	1.32E+04	1.26E+08	-6.71E+05	0.00E+00	0.00E+00
	1.33E+04	1.26E+08	-6.62E+05	3.54E+04	8.52E+04
	1.34E+04	1.26E+08	-6.72E+05	8.33E+05	2.59E+05
	1.34E+04	1.28E+08	-6.75E+05	0.00E+00	2.36E+05
	1.35E+04	1.28E+08	-6.70E+05	0.00E+00	1.81E+05
	1.36E+04	1.29E+08	-6.75E+05	6.66E+05	3.53E+05
	1.36E+04	1.29E+08	-6.81E+05	4.29E+05	5.21E+05
	1.37E+04	1.30E+08	-6.82E+05	4.69E+05	5.88E+05
	1.38E+04	1.31E+08	-6.89E+05	8.68E+05	7.17E+05
	1.38E+04	1.31E+08	-6.96E+05	8.15E+05	7.01E+05
	1.39E+04	1.32E+08	-7.03E+05	4.21E+05	4.83E+05
	1.40E+04	1.32E+08	-7.03E+05	2.14E+05	2.47E+05
	1.40E+04	1.33E+08	-7.06E+05	1.06E+05	1.96E+05
	1.41E+04	1.34E+08	-7.05E+05	2.69E+05	2.65E+05
	1.42E+04	1.34E+08	-7.11E+05	4.20E+05	3.86E+05
	1.42E+04	1.35E+08	-7.12E+05	4.69E+05	3.15E+05
	1.43E+04	1.36E+08	-7.18E+05	5.61E+04	2.59E+05
	1.44E+04	1.36E+08	-7.13E+05	2.51E+05	3.25E+05
	1.44E+04	1.37E+08	-7.23E+05	6.68E+05	3.35E+05
	1.45E+04	1.37E+08	-7.24E+05	8.74E+04	2.47E+05
	1.46E+04	1.39E+08	-7.24E+05	0.00E+00	0.00E+00
	1.46E+04	1.39E+08	-7.24E+05	0.00E+00	0.00E+00
	1.47E+04	1.40E+08	-7.22E+05	1.03E+05	2.50E+05
	1.47E+04	1.40E+08	-7.26E+05	7.95E+05	4.76E+05
	1.48E+04	1.40E+08	-7.35E+05	5.29E+05	4.31E+05
	1.49E+04	1.42E+08	-7.34E+05	0.00E+00	1.67E+05
	1.49E+04	1.42E+08	-7.34E+05	2.31E+03	1.86E+05
	1.50E+04	1.43E+08	-7.34E+05	5.88E+05	5.43E+05
	1.51E+04	1.43E+08	-7.44E+05	1.04E+06	7.32E+05
	1.51E+04	1.44E+08	-7.52E+05	5.68E+05	6.83E+05
	1.52E+04	1.45E+08	-7.53E+05	4.43E+05	2.73E+05
	1.53E+04	1.45E+08	-7.59E+05	0.00E+00	0.00E+00
	1.53E+04	1.46E+08	-7.50E+05	0.00E+00	0.00E+00
	1.54E+04	1.46E+08	-7.50E+05	4.65E+05	1.79E+05
	1.55E+04	1.47E+08	-7.58E+05	6.23E+05	4.05E+05
	1.55E+04	1.48E+08	-7.60E+05	1.25E+05	3.18E+05
	1.56E+04	1.48E+08	-7.60E+05	2.04E+05	1.58E+05
	1.57E+04	1.49E+08	-7.64E+05	1.44E+05	3.25E+05
	1.57E+04	1.49E+08	-7.62E+05	6.26E+05	4.77E+05
	1.58E+04	1.50E+08	-7.74E+05	6.61E+05	4.85E+05
	1.59E+04	1.51E+08	-7.73E+05	1.68E+05	3.23E+05
	1.59E+04	1.51E+08	-7.77E+05	1.39E+05	9.06E+04
	1.60E+04	1.53E+08	-7.76E+05	0.00E+00	9.32E+04
	1.61E+04	1.52E+08	-7.76E+05	1.75E+05	6.15E+04
	1.61E+04	1.54E+08	-7.79E+05	4.42E+04	1.17E+05
	1.62E+04	1.53E+08	-7.77E+05	1.31E+05	2.44E+05
	1.63E+04	1.55E+08	-7.81E+05	5.56E+05	5.41E+05
	1.63E+04	1.55E+08	-7.86E+05	9.36E+05	7.03E+05
	1.64E+04	1.55E+08	-7.96E+05	6.17E+05	4.93E+05
	1.65E+04	1.57E+08	-7.97E+05	0.00E+00	2.74E+05
	1.65E+04	1.57E+08	-7.95E+05	2.80E+05	3.30E+05
	1.66E+04	1.58E+08	-8.01E+05	7.84E+05	5.34E+05
	1.67E+04	1.58E+08	-8.08E+05	5.37E+05	4.32E+05
	1.67E+04	1.59E+08	-8.10E+05	0.00E+00	6.48E+04
	1.68E+04	1.60E+08	-8.08E+05	0.00E+00	4.54E+04
	1.69E+04	1.60E+08	-8.05E+05	4.78E+05	2.68E+05
	1.69E+04	1.61E+08	-8.16E+05	6.43E+05	3.59E+05
	1.70E+04	1.61E+08	-8.16E+05	0.00E+00	2.49E+05
	1.71E+04	1.62E+08	-8.15E+05	1.47E+05	1.55E+05
	1.71E+04	1.63E+08	-8.18E+05	3.62E+05	3.38E+05
	1.72E+04	1.63E+08	-8.21E+05	5.05E+05	4.45E+05
	1.73E+04	1.65E+08	-8.26E+05	4.67E+05	4.15E+05
	1.73E+04	1.64E+08	-8.29E+05	2.74E+05	3.07E+05
	1.74E+04	1.66E+08	-8.31E+05	1.79E+05	2.89E+05
	1.75E+04	1.66E+08	-8.32E+05	4.15E+05	4.78E+05
	1.75E+04	1.66E+08	-8.38E+05	8.41E+05	6.68E+05
	1.76E+04	1.68E+08	-8.46E+05	7.50E+05	5.42E+05
	1.77E+04	1.67E+08	-8.50E+05	3.38E+04	1.97E+05
	1.77E+04	1.69E+08	-8.46E+05	0.00E+00	0.00E+00
	1.78E+04	1.69E+08	-8.47E+05	9.65E+03	0.00E+00
	1.79E+04	1.69E+08	-8.46E+05	1.80E+05	3.43E+05
	1.79E+04	1.71E+08	-8.50E+05	8.41E+05	5.38E+05
	1.80E+04	1.70E+08	-8.60E+05	5.93E+05	5.35E+05
	1.81E+04	1.72E+08	-8.60E+05	1.70E+05	3.72E+05
	1.81E+04	1.72E+08	-8.63E+05	3.52E+05	3.01E+05
	1.82E+04	1.73E+08	-8.66E+05	3.80E+05	3.96E+05
	1.83E+04	1.74E+08	-8.70E+05	4.56E+05	3.76E+05
	1.83E+04	1.73E+08	-8.73E+05	2.91E+05	3.04E+05
	1.84E+04	1.75E+08	-8.74E+05	1.64E+05	2.72E+05
	1.85E+04	1.75E+08	-8.76E+05	3.62E+05	3.48E+05
	1.85E+04	1.76E+08	-8.80E+05	5.18E+05	3.28E+05
	1.86E+04	1.77E+08	-8.85E+05	1.04E+05	2.33E+05
	1.87E+04	1.77E+08	-8.82E+05	7.59E+04	1.52E+05
	1.87E+04	1.78E+08	-8.86E+05	2.77E+05	3.17E+05
	1.88E+04	1.78E+08	-8.87E+05	5.98E+05	4.72E+05
	1.88E+04	1.80E+08	-8.96E+05	5.42E+05	3.87E+05
	1.89E+04	1.79E+08	-8.96E+05	2.02E+04	3.19E+05
	1.90E+04	1.80E+08	-8.96E+05	3.95E+05	2.71E+05
	1.90E+04	1.81E+08	-9.02E+05	3.99E+05	3.38E+05
	1.91E+04	1.81E+08	-9.03E+05	2.20E+05	3.69E+05
	1.92E+04	1.83E+08	-9.06E+05	4.87E+05	3.49E+05
	1.92E+04	1.82E+08	-9.11E+05	3.40E+05	3.49E+05
	1.93E+04	1.84E+08	-9.12E+05	2.20E+05	2.47E+05
	1.94E+04	1.84E+08	-9.15E+05	1.81E+05	1.84E+05
	1.94E+04	1.84E+08	-9.15E+05	1.50E+05	2.45E+05
	1.95E+04	1.86E+08	-9.17E+05	4.04E+05	3.32E+05
	1.96E+04	1.86E+08	-9.21E+05	4.42E+05	3.98E+05
	1.96E+04	1.87E+08	-9.24E+05	3.48E+05	3.99E+05
	1.97E+04	1.87E+08	-9.27E+05	4.08E+05	4.84E+05
	1.98E+04	1.88E+08	-9.31E+05	6.96E+05	5.76E+05
	1.98E+04	1.89E+08	-9.39E+05	6.26E+05	5.17E+05
	1.99E+04	1.89E+08	-9.42E+05	2.29E+05	3.16E+05
	2.00E+04	1.90E+08	-9.43E+05	9.27E+04	1.60E+05
	2.00E+04	1.90E+08	-9.43E+05	1.58E+05	2.39E+05
	2.01E+04	1.91E+08	-9.45E+05	4.66E+05	3.53E+05
	2.02E+04	1.92E+08	-9.51E+05	4.34E+05	3.31E+05
	2.02E+04	1.92E+08	-9.52E+05	9.14E+04	2.40E+05
	2.03E+04	1.93E+08	-9.52E+05	1.95E+05	1.47E+05
	2.04E+04	1.93E+08	-9.56E+05	1.54E+05	1.86E+05
	2.04E+04	1.95E+08	-9.55E+05	2.10E+05	1.96E+05
	2.05E+04	1.95E+08	-9.59E+05	2.25E+05	2.10E+05
	2.06E+04	1.95E+08	-9.59E+05	1.94E+05	2.39E+05
	2.06E+04	1.96E+08	-9.62E+05	2.97E+05	1.31E+05
	2.07E+04	1.96E+08	-9.64E+05	0.00E+00	8.10E+04
	2.08E+04	1.98E+08	-9.61E+05	4.25E+04	1.41E+05
	2.08E+04	1.98E+08	-9.64E+05	4.76E+05	3.02E+05
	2.09E+04	1.98E+08	-9.69E+05	3.88E+05	3.18E+05
	2.10E+04	1.99E+08	-9.71E+05	9.01E+04	1.89E+05
	2.10E+04	1.99E+08	-9.70E+05	8.83E+04	6.52E+04
	2.11E+04	2.01E+08	-9.72E+05	1.73E+04	1.98E+04
	2.12E+04	2.00E+08	-9.70E+05	0.00E+00	1.45E+05
	2.12E+04	2.02E+08	-9.71E+05	4.63E+05	3.07E+05
	2.13E+04	2.03E+08	-9.78E+05	5.03E+05	3.31E+05
	2.14E+04	2.03E+08	-9.80E+05	2.62E+04	3.64E+05
	2.14E+04	2.04E+08	-9.79E+05	5.63E+05	3.90E+05
	2.15E+04	2.04E+08	-9.89E+05	5.82E+05	3.70E+05
	2.16E+04	2.05E+08	-9.88E+05	0.00E+00	2.51E+05
	2.16E+04	2.06E+08	-9.89E+05	2.07E+05	0.00E+00
	2.17E+04	2.06E+08	-9.92E+05	0.00E+00	0.00E+00
	2.18E+04	2.07E+08	-9.85E+05	0.00E+00	0.00E+00
	2.18E+04	2.07E+08	-9.83E+05	2.11E+04	0.00E+00
	2.19E+04	2.09E+08	-9.86E+05	2.26E+05	1.91E+05
	2.20E+04	2.08E+08	-9.87E+05	3.26E+05	3.20E+05
	2.20E+04	2.09E+08	-9.91E+05	4.07E+05	3.24E+05
	2.21E+04	2.10E+08	-9.93E+05	2.40E+05	2.56E+05
	2.22E+04	2.10E+08	-9.95E+05	1.21E+05	1.39E+05
	2.22E+04	2.12E+08	-9.95E+05	5.74E+04	9.49E+04
	2.23E+04	2.11E+08	-9.96E+05	1.06E+05	8.43E+04
	2.24E+04	2.13E+08	-9.97E+05	8.97E+04	1.62E+05
	2.24E+04	2.13E+08	-9.98E+05	2.90E+05	1.87E+05
	2.25E+04	2.14E+08	-1.00E+06	1.82E+05	1.73E+05
	2.26E+04	2.14E+08	-1.00E+06	4.55E+04	1.34E+05
	2.26E+04	2.14E+08	-1.00E+06	1.76E+05	1.07E+05
	2.27E+04	2.16E+08	-1.00E+06	1.01E+05	3.56E+04
	2.28E+04	2.16E+08	-1.00E+06	0.00E+00	0.00E+00
	2.28E+04	2.17E+08	-1.00E+06	0.00E+00	0.00E+00
	2.29E+04	2.17E+08	-1.00E+06	1.88E+05	1.29E+05
	2.29E+04	2.18E+08	-1.00E+06	2.62E+05	1.47E+05
	2.30E+04	2.19E+08	-1.01E+06	0.00E+00	8.37E+04
	2.31E+04	2.19E+08	-1.00E+06	0.00E+00	1.21E+05
	2.31E+04	2.20E+08	-1.01E+06	3.73E+05	1.57E+05
	2.32E+04	2.20E+08	-1.01E+06	9.97E+04	2.03E+05
	2.33E+04	2.21E+08	-1.01E+06	1.37E+05	6.80E+04
	2.33E+04	2.22E+08	-1.01E+06	0.00E+00	1.52E+04
	2.34E+04	2.22E+08	-1.01E+06	0.00E+00	2.48E+04
	2.35E+04	2.24E+08	-1.01E+06	1.66E+05	6.22E+04
	2.35E+04	2.23E+08	-1.01E+06	7.95E+04	9.63E+04
	2.36E+04	2.24E+08	-1.01E+06	4.38E+04	8.03E+04
	2.37E+04	2.25E+08	-1.01E+06	1.18E+05	1.93E+05
	2.37E+04	2.25E+08	-1.01E+06	4.19E+05	2.64E+05
	2.38E+04	2.27E+08	-1.02E+06	2.54E+05	1.55E+05
	2.39E+04	2.26E+08	-1.02E+06	0.00E+00	3.26E+04
	2.39E+04	2.28E+08	-1.02E+06	4.99E+04	2.37E+04
	2.40E+04	2.28E+08	-1.02E+06	2.28E+05	2.05E+05
	2.41E+04	2.28E+08	-1.02E+06	3.37E+05	3.03E+05
	2.41E+04	2.30E+08	-1.03E+06	3.43E+05	1.81E+05
	2.42E+04	2.29E+08	-1.03E+06	0.00E+00	6.84E+04
	2.43E+04	2.31E+08	-1.02E+06	0.00E+00	3.03E+04
	2.43E+04	2.31E+08	-1.03E+06	2.29E+05	1.48E+05
	2.44E+04	2.32E+08	-1.03E+06	2.14E+05	1.63E+05
	2.45E+04	2.33E+08	-1.03E+06	4.51E+04	7.89E+04
	2.45E+04	2.32E+08	-1.03E+06	0.00E+00	0.00E+00
	2.46E+04	2.34E+08	-1.03E+06	0.00E+00	0.00E+00
	2.47E+04	2.34E+08	-1.02E+06	0.00E+00	0.00E+00
	2.47E+04	2.35E+08	-1.03E+06	3.99E+05	1.71E+05
	2.48E+04	2.36E+08	-1.03E+06	3.04E+05	1.97E+05
	2.49E+04	2.35E+08	-1.03E+06	0.00E+00	0.00E+00
	2.49E+04	2.38E+08	-1.03E+06	0.00E+00	0.00E+00
	2.50E+04	2.37E+08	-1.02E+06	1.32E+05	1.92E+04
	2.51E+04	2.38E+08	-1.03E+06	3.95E+05	2.35E+05
	2.51E+04	2.39E+08	-1.03E+06	1.78E+05	2.61E+05
	2.52E+04	2.39E+08	-1.03E+06	2.09E+05	1.76E+05
	2.53E+04	2.41E+08	-1.03E+06	1.42E+05	1.09E+05
	2.53E+04	2.40E+08	-1.03E+06	0.00E+00	1.08E+05
	2.54E+04	2.42E+08	-1.03E+06	2.06E+05	2.37E+05
	2.55E+04	2.42E+08	-1.04E+06	5.31E+05	3.03E+05
	2.55E+04	2.43E+08	-1.04E+06	1.72E+05	2.17E+05
	2.56E+04	2.43E+08	-1.04E+06	0.00E+00	9.35E+04
	2.57E+04	2.43E+08	-1.04E+06	1.61E+05	1.82E+05
	2.57E+04	2.45E+08	-1.04E+06	4.38E+05	2.27E+05
	2.58E+04	2.45E+08	-1.05E+06	8.14E+04	1.34E+05
	2.59E+04	2.46E+08	-1.05E+06	0.00E+00	0.00E+00
	2.59E+04	2.46E+08	-1.05E+06	0.00E+00	0.00E+00
	2.60E+04	2.46E+08	-1.04E+06	1.02E+05	1.09E+05
	2.61E+04	2.48E+08	-1.05E+06	2.60E+05	1.70E+05
	2.61E+04	2.48E+08	-1.05E+06	1.50E+05	1.43E+05
	2.62E+04	2.49E+08	-1.05E+06	2.03E+04	1.93E+05
	2.63E+04	2.49E+08	-1.05E+06	4.09E+05	2.67E+05
	2.63E+04	2.50E+08	-1.06E+06	3.71E+05	1.84E+05
	2.64E+04	2.51E+08	-1.06E+06	0.00E+00	7.24E+04
	2.65E+04	2.51E+08	-1.05E+06	7.31E+04	2.75E+04
	2.65E+04	2.52E+08	-1.06E+06	2.37E+05	1.47E+05
	2.66E+04	2.52E+08	-1.06E+06	1.31E+05	2.62E+05
	2.67E+04	2.54E+08	-1.06E+06	4.18E+05	3.02E+05
	2.67E+04	2.54E+08	-1.06E+06	3.58E+05	2.74E+05
	2.68E+04	2.54E+08	-1.06E+06	4.72E+04	8.91E+04
	2.69E+04	2.56E+08	-1.06E+06	0.00E+00	0.00E+00
	2.69E+04	2.55E+08	-1.06E+06	0.00E+00	0.00E+00
	2.70E+04	2.57E+08	-1.06E+06	6.19E+04	6.51E+04
	2.71E+04	2.56E+08	-1.06E+06	2.67E+05	2.38E+05
	2.71E+04	2.57E+08	-1.07E+06	3.84E+05	2.47E+05
	2.72E+04	2.59E+08	-1.07E+06	9.13E+04	1.56E+05
	2.72E+04	2.58E+08	-1.07E+06	0.00E+00	6.90E+04
	2.73E+04	2.60E+08	-1.07E+06	1.22E+05	8.24E+04
	2.74E+04	2.60E+08	-1.07E+06	1.32E+05	1.98E+05
	2.74E+04	2.61E+08	-1.07E+06	3.40E+05	1.67E+05
	2.75E+04	2.62E+08	-1.08E+06	3.02E+04	9.74E+04
	2.76E+04	2.61E+08	-1.07E+06	0.00E+00	8.23E+04
	2.76E+04	2.63E+08	-1.07E+06	2.95E+05	2.35E+05
	2.77E+04	2.63E+08	-1.08E+06	4.87E+05	3.57E+05
	2.78E+04	2.64E+08	-1.08E+06	2.90E+05	2.65E+05
	2.78E+04	2.65E+08	-1.08E+06	1.87E+04	1.68E+05
	2.79E+04	2.65E+08	-1.08E+06	1.97E+05	2.15E+05
	2.80E+04	2.66E+08	-1.09E+06	4.28E+05	4.04E+05
	2.80E+04	2.66E+08	-1.09E+06	5.88E+05	4.06E+05
	2.81E+04	2.68E+08	-1.10E+06	2.00E+05	2.31E+05
	2.82E+04	2.67E+08	-1.09E+06	0.00E+00	3.68E+04
	2.82E+04	2.68E+08	-1.09E+06	6.98E+03	0.00E+00
	2.83E+04	2.70E+08	-1.09E+06	0.00E+00	0.00E+00
	2.84E+04	2.69E+08	-1.09E+06	0.00E+00	0.00E+00
	2.84E+04	2.71E+08	-1.09E+06	0.00E+00	6.01E+04
	2.85E+04	2.70E+08	-1.09E+06	2.88E+05	2.42E+05
	2.86E+04	2.72E+08	-1.10E+06	4.85E+05	3.66E+05
	2.86E+04	2.72E+08	-1.10E+06	3.24E+05	3.80E+05
	2.87E+04	2.72E+08	-1.10E+06	3.29E+05	1.58E+05
	2.88E+04	2.74E+08	-1.11E+06	0.00E+00	0.00E+00
	2.88E+04	2.73E+08	-1.10E+06	0.00E+00	0.00E+00
	2.89E+04	2.75E+08	-1.10E+06	3.79E+05	1.47E+05
	2.90E+04	2.75E+08	-1.11E+06	3.81E+05	2.77E+05
	2.90E+04	2.76E+08	-1.11E+06	7.02E+04	2.34E+05
	2.91E+04	2.77E+08	-1.11E+06	2.51E+05	2.38E+05
	2.92E+04	2.77E+08	-1.11E+06	3.94E+05	1.97E+05
	2.92E+04	2.78E+08	-1.11E+06	0.00E+00	1.50E+05
	2.93E+04	2.78E+08	-1.11E+06	1.12E+05	1.61E+05
	2.94E+04	2.79E+08	-1.12E+06	4.27E+05	2.65E+05
	2.94E+04	2.80E+08	-1.12E+06	2.55E+05	3.49E+05
	2.95E+04	2.80E+08	-1.12E+06	3.66E+05	2.05E+05
	2.96E+04	2.81E+08	-1.12E+06	0.00E+00	6.44E+04
	2.96E+04	2.81E+08	-1.12E+06	0.00E+00	0.00E+00
	2.97E+04	2.83E+08	-1.12E+06	0.00E+00	0.00E+00
	2.98E+04	2.83E+08	-1.11E+06	0.00E+00	0.00E+00
	2.98E+04	2.83E+08	-1.11E+06	5.94E+04	0.00E+00
	2.99E+04	2.84E+08	-1.12E+06	1.12E+05	0.00E+00
	3.00E+04	2.84E+08	-1.12E+06	0.00E+00	0.00E+00
	3.00E+04	2.86E+08	-1.11E+06	0.00E+00	0.00E+00
	3.01E+04	2.85E+08	-1.11E+06	1.90E+05	8.23E+04
	3.02E+04	2.86E+08	-1.12E+06	2.74E+05	2.14E+05
	3.02E+04	2.87E+08	-1.12E+06	1.77E+05	2.33E+05
	3.03E+04	2.87E+08	-1.12E+06	2.47E+05	3.64E+05
	3.04E+04	2.89E+08	-1.12E+06	6.69E+05	4.53E+05
	3.04E+04	2.88E+08	-1.13E+06	4.42E+05	2.11E+05
	3.05E+04	2.90E+08	-1.13E+06	0.00E+00	0.00E+00
	3.06E+04	2.91E+08	-1.12E+06	0.00E+00	0.00E+00
	3.06E+04	2.91E+08	-1.12E+06	3.23E+05	4.13E+04
	3.07E+04	2.92E+08	-1.13E+06	3.51E+05	1.30E+05
	3.08E+04	2.91E+08	-1.13E+06	0.00E+00	0.00E+00
	3.08E+04	2.94E+08	-1.12E+06	0.00E+00	0.00E+00
	3.09E+04	2.93E+08	-1.12E+06	1.55E+05	2.72E+04
	3.10E+04	2.94E+08	-1.12E+06	2.86E+04	3.15E+04
	3.10E+04	2.95E+08	-1.12E+06	0.00E+00	0.00E+00
	3.11E+04	2.95E+08	-1.12E+06	8.66E+03	1.63E+04
	3.12E+04	2.97E+08	-1.12E+06	1.29E+05	0.00E+00
	3.12E+04	2.96E+08	-1.13E+06	0.00E+00	0.00E+00
	3.13E+04	2.97E+08	-1.12E+06	0.00E+00	2.73E+04
	3.13E+04	2.98E+08	-1.12E+06	4.61E+05	2.27E+05
	3.14E+04	2.98E+08	-1.13E+06	2.85E+05	2.86E+05
	3.15E+04	3.00E+08	-1.13E+06	1.13E+05	1.24E+04
	3.15E+04	2.99E+08	-1.13E+06	0.00E+00	0.00E+00
	3.16E+04	3.01E+08	-1.12E+06	0.00E+00	0.00E+00
	3.17E+04	3.01E+08	-1.13E+06	2.13E+05	5.21E+04
	3.17E+04	3.01E+08	-1.13E+06	9.64E+04	1.86E+05
	3.18E+04	3.03E+08	-1.13E+06	2.47E+05	2.23E+05
	3.19E+04	3.02E+08	-1.13E+06	3.25E+05	2.00E+05
	3.19E+04	3.04E+08	-1.13E+06	2.66E+04	0.00E+00
	3.20E+04	3.04E+08	-1.13E+06	0.00E+00	0.00E+00
	3.21E+04	3.04E+08	-1.12E+06	0.00E+00	0.00E+00
	3.21E+04	3.05E+08	-1.12E+06	6.38E+04	6.83E+04
	3.22E+04	3.06E+08	-1.13E+06	5.26E+05	3.98E+05
	3.23E+04	3.07E+08	-1.13E+06	6.05E+05	3.93E+05
	3.23E+04	3.07E+08	-1.14E+06	4.85E+04	7.70E+04
	3.24E+04	3.08E+08	-1.13E+06	0.00E+00	0.00E+00
	3.25E+04	3.09E+08	-1.13E+06	0.00E+00	0.00E+00
	3.25E+04	3.09E+08	-1.13E+06	2.07E+05	0.00E+00
	3.26E+04	3.10E+08	-1.13E+06	1.59E+05	6.65E+04
	3.27E+04	3.10E+08	-1.13E+06	0.00E+00	0.00E+00
	3.27E+04	3.11E+08	-1.13E+06	0.00E+00	0.00E+00
	3.28E+04	3.12E+08	-1.13E+06	0.00E+00	0.00E+00
	3.29E+04	3.12E+08	-1.13E+06	0.00E+00	0.00E+00
	3.29E+04	3.13E+08	-1.13E+06	0.00E+00	8.57E+04
	3.30E+04	3.13E+08	-1.13E+06	3.10E+05	9.11E+04
	3.31E+04	3.15E+08	-1.13E+06	0.00E+00	0.00E+00
	3.31E+04	3.14E+08	-1.13E+06	0.00E+00	7.50E+03
	3.32E+04	3.16E+08	-1.13E+06	3.75E+05	6.82E+04
